9 l
12.5 0
11 2
10.5 5
10.1 7
10.1 9
10.5 11
10.5 13
11 15
11.5 18

16 l
11.5 18
9 18
7 18.2
5 19.5
4 20
3 21
2.7 23
3 25
5 30
5.2 33
5.2 35
5 38
5.5 40
7 41.5
9 43.5
12 44.5


9 f
12 44.5
10 44
9.2 45
9.7 46
10 46
11 47
13 47
14 46
13.5 44

7 l
13.5 44
15 43.5
17 41.5
18 39
19 35
20 30
21.5 25

7 l
21.5 25
24.5 30
27 31.2
30 32
33 31
34.5 28
35.2 24.5

2 l
35.2 24.5
39 23.8

9 l
39 23.8
38 28
38 32
39 34
42 34
44 30
45.2 25
45.2 20
45 18.5

4 l
38 24
37 30
37.5 32
39 34

4 l
45 18.5
40 18.7
35 19.5
33 19.8

14 l
25 23.5
30 23.5
32 23
33 19.8
32 17
31 19
32 17
30 16.5
29 17
29.1 18
29 17
27 19
18 19
15 17

6 l
15 17
13.5 15
14 10
14 5
12.8 3
12.5 0

2 l
8 27.5
9.5 27.5
